Usuario: 54163650F // ID:1 // Fechas: 2025-04-01T22:01:41.373561600 - 2025-04-03T22:01:41.376564400 // Precio Total:0.0
Usuario: 60700411F // ID:1 // Fechas: 2025-04-01T22:01:41.394580900 - 2025-04-04T22:01:41.394580900 // Precio Total:0.0
Usuario: 12345678A // ID:1 // Fechas: 2025-04-01T22:01:41.394580900 - 2025-04-05T22:01:41.394580900 // Precio Total:0.0
Usuario: 42270855M // ID:1 // Fechas: 2025-04-01T22:01:41.394580900 - 2025-04-06T22:01:41.394580900 // Precio Total:0.0
